      0/49     8.23G   0.01224  0.005431  0.005557   0.02323         1       640    0.8771    0.9474    0.9362    0.8596   0.02213  0.003389   0.00872
      1/49     13.9G   0.01205  0.005485  0.005373   0.02291         4       640    0.8998    0.9686    0.9626    0.8917   0.02135  0.003357   0.00873
      2/49     13.9G   0.01254  0.005614  0.005797   0.02395         6       640    0.8521     0.993    0.9109    0.8433   0.02145  0.003371  0.008551
      3/49     13.9G    0.0132  0.005625  0.005695   0.02452         0       640    0.8617    0.9632    0.9313    0.8641   0.02051  0.003387   0.00844
      4/49     13.9G   0.01397   0.00578  0.005863   0.02561         1       640    0.8623    0.9822     0.905    0.8317   0.02191  0.003294  0.008736
      5/49     13.9G    0.0158  0.005998  0.006118   0.02792         8       640    0.8383     0.958     0.943    0.8637   0.02203  0.003598   0.00914
      6/49     13.9G   0.01597  0.006133    0.0061   0.02821         1       640    0.7962    0.9511    0.8916     0.799   0.02454  0.003564  0.009464
      7/49     13.9G   0.01664  0.006312  0.006428   0.02938         2       640    0.8273    0.9754    0.9091    0.8157   0.02035  0.003427  0.008636
      8/49     13.9G   0.01641  0.006483   0.00653   0.02943         4       640    0.8502    0.9893    0.9466    0.8589   0.01945  0.003553  0.009398
      9/49     13.9G   0.01607  0.006213  0.006315    0.0286         1       640    0.8245    0.9858     0.899    0.8123   0.02113  0.003318  0.008878
     10/49     13.9G   0.01589  0.006311  0.006327   0.02853         9       640    0.8317         1    0.8947    0.7924   0.01695  0.003364  0.008326
     11/49     13.9G   0.01587  0.006193  0.006176   0.02824         4       640    0.8727     0.979    0.9458    0.8607   0.01497  0.003353   0.01027
     12/49     13.9G   0.01537  0.006151  0.006026   0.02755         1       640    0.8497     0.979    0.9189    0.8241   0.02148  0.003507    0.0073
     13/49     13.9G   0.01526  0.006133   0.00577   0.02716         2       640    0.8878    0.9303    0.9213    0.8455   0.02004  0.003167  0.008023
     14/49     13.9G   0.01522  0.006004  0.006289   0.02751         2       640    0.8468    0.9479    0.8972    0.8034   0.01883  0.003474  0.008837
     15/49     13.9G    0.0149  0.005926  0.005784   0.02661         4       640    0.8946    0.9338    0.9147    0.8141   0.02334  0.003192  0.007073
     16/49     13.9G   0.01502  0.005845  0.005813   0.02668         8       640     0.863    0.9964    0.9324    0.8264   0.02353  0.003334  0.008308
     17/49     13.9G   0.01459  0.005844  0.005868   0.02631         4       640    0.9372    0.9684    0.9795    0.9027   0.01943  0.003326  0.008135
     18/49     13.9G   0.01412  0.005835  0.005744    0.0257         1       640    0.9003     0.972    0.9621    0.8705   0.01813  0.003607  0.007596
     19/49     13.9G   0.01422  0.005885  0.005676   0.02579         1       640    0.9053    0.9652    0.9571    0.8684   0.01615  0.003268  0.007626
     20/49     13.9G   0.01371    0.0057  0.005349   0.02475         2       640    0.9229    0.9621    0.9669    0.8715   0.01758  0.003393   0.00821
     21/49     13.9G   0.01387  0.005818  0.005652   0.02534         3       640    0.9042    0.9532    0.9577    0.8675   0.01703  0.003531  0.008641
     22/49     13.9G   0.01359  0.005641  0.005507   0.02473         4       640    0.9039    0.9581    0.9616    0.8745   0.01532  0.003509  0.008064
     23/49     13.9G   0.01331  0.005688  0.005256   0.02426         1       640    0.9367    0.9419    0.9631    0.8763   0.01723  0.003165  0.006998
     24/49     13.9G   0.01309  0.005687  0.005355   0.02413         1       640    0.8928     0.972    0.9552    0.8804   0.01441  0.003294  0.008568
     25/49     13.9G   0.01272  0.005538  0.005084   0.02334         1       640    0.9354    0.9511    0.9698     0.887   0.01596  0.003441  0.007353
     26/49     13.9G    0.0127   0.00538  0.004984   0.02307         2       640    0.9148    0.9713    0.9726    0.8843   0.01752  0.003379  0.007071
     27/49     13.9G   0.01256  0.005499  0.005566   0.02362         4       640    0.9214    0.9861    0.9802    0.9064    0.0194  0.003384  0.006854
     28/49     13.9G   0.01246  0.005552  0.005002   0.02301        11       640    0.9347    0.9524    0.9718     0.881   0.01648  0.003422  0.007535
     29/49     13.9G   0.01229  0.005377  0.005067   0.02274         2       640    0.9242    0.9543    0.9747    0.8893   0.01637  0.003636  0.007882
     30/49     13.9G   0.01233  0.005252  0.004783   0.02236         3       640    0.9517    0.9755    0.9846    0.9075   0.01521  0.003495   0.00716
     31/49     13.9G   0.01183  0.005179  0.004834   0.02184         1       640    0.9574    0.9785    0.9885    0.9127   0.01568   0.00341  0.006551
     32/49     13.9G   0.01177  0.005199  0.004735    0.0217         1       640    0.9593    0.9686    0.9825    0.8938   0.01556  0.003613   0.00831
     33/49     13.9G   0.01171  0.005351  0.004892   0.02195         3       640    0.9675    0.9647    0.9825    0.8942   0.01532  0.003659  0.007196
     34/49     13.9G   0.01201  0.005112  0.004763   0.02189         6       640    0.9193    0.9895    0.9898    0.9155   0.01506   0.00346  0.007762
     35/49     13.9G   0.01139   0.00508  0.004644   0.02111         1       640    0.9747     0.979    0.9936    0.9128   0.01779  0.003491  0.006667
     36/49     13.9G   0.01131  0.004923  0.004732   0.02096         4       640    0.9467    0.9791    0.9916    0.9075   0.01576  0.003527  0.008997
     37/49     13.9G   0.01126   0.00506  0.004678     0.021         4       640    0.9595     0.977    0.9884    0.9135   0.01818  0.003541  0.008996
     38/49     13.9G   0.01131  0.004983  0.004524   0.02081         2       640    0.9802    0.9862    0.9932    0.9148    0.0166  0.003575  0.007472
     39/49     13.9G   0.01095  0.005119  0.004628    0.0207         7       640    0.9852    0.9756    0.9948    0.9148     0.014  0.003479  0.007987
     40/49     13.9G   0.01105  0.004776  0.004367   0.02019         1       640    0.9758    0.9826    0.9937    0.9144   0.01416  0.003526  0.008194
     41/49     13.9G   0.01048  0.005006  0.004388   0.01987         1       640    0.9847     0.979    0.9941    0.9156   0.01282  0.003558  0.008053
     42/49     13.9G   0.01069  0.004822  0.004355   0.01987         1       640    0.9641    0.9974    0.9943    0.9228   0.01311  0.003443  0.007267
     43/49     13.9G   0.01069  0.004905  0.004238   0.01983         4       640    0.9787     0.993    0.9946    0.9178   0.01363  0.003444  0.007454
     44/49     13.9G   0.01047  0.004918  0.004264   0.01965         2       640    0.9894    0.9825    0.9949      0.92   0.01457  0.003553  0.007551
     45/49     13.9G   0.01089  0.004725  0.004299   0.01991         4       640      0.99    0.9778    0.9943    0.9166   0.01427  0.003496  0.007934
     46/49     13.9G   0.01064  0.004748  0.004288   0.01967         1       640     0.975    0.9861    0.9937    0.9206   0.01568  0.003519  0.007193
     47/49     13.9G   0.01042   0.00481  0.004203   0.01944         0       640    0.9633    0.9861     0.995    0.9179   0.01541  0.003614  0.007356
     48/49     13.9G   0.01047  0.004788  0.004235   0.01949         1       640    0.9876    0.9895    0.9954    0.9216   0.01449  0.003607  0.006968
     49/49     13.9G   0.01048  0.004716  0.004364   0.01956         1       640    0.9943    0.9756    0.9948    0.9299   0.01385  0.003585  0.006895
